54294301 60.0 NewReno
100169.83132684944
100064.42737659681
100083.5279965997
99984.59689397251
100037.79668743741
99935.48333097734
100078.59612621735
100073.98359273013
100044.21037298211
100162.09815161547
54294301 60.0 Vegas
27685.305947994366
27513.338327333473
27440.4234286765
27563.850164469717
27752.406023504063
27658.244218177828
27135.11539836294
27203.321831323803
27083.47212635706
27655.176230217672
54294301 60.0 Veno
100169.83132684944
100064.42737659681
100083.5279965997
99984.59689397251
100037.79668743741
99935.48333097734
100078.59612621735
100073.98359273013
100044.21037298211
100162.09815161547
54294301 60.0 WestwoodPlus
100169.83132684944
100064.42737659681
100083.5279965997
99984.59689397251
100037.79668743741
99935.48333097734
100078.59612621735
100073.98359273013
100044.21037298211
100162.09815161547
