54294301 60.0 NewReno
221498.77427685424
220879.86007560848
221086.8232719247
220854.72807709372
220983.9801422395
220991.97884860408
220578.46885055356
221130.95359870602
220804.7666218633
221001.86229957867

54294301 60.0 Vegas
214356.22393836037
214003.3104464593
214204.98521220306
214240.53894857518
214264.31156524277
213830.35439128208
214034.33996053346
214334.04770063757
214159.62409012867
214227.080192813

54294301 60.0 Veno
221498.77427685424
220879.86007560848
221086.8232719247
220854.72807709372
220983.9801422395
220991.97884860408
220578.46885055356
221130.95359870602
220804.7666218633
221001.86229957867

54294301 60.0 WestwoodPlus
221498.77427685424
220879.86007560848
221086.8232719247
220854.72807709372
220983.9801422395
220991.97884860408
220578.46885055356
221130.95359870602
220804.7666218633
221001.86229957867

